1 26.248661743592777 11.257924563837202 
2 61.938144411862893 144.39313017967768 
3 115.33892984284969 51.39386877482471 
4 76.752498478979092 129.24193620180802 
5 19.221743787276441 109.84783275511481 
6 12.525115214532761 59.611410652106358 
7 38.978829951481345 67.194994547029481 
8 146.27335192462118 66.225797108479682 
9 56.972002217998728 78.441277904641481 
10 12.557743309325421 7.9917998323178852 
11 68.179781766692074 47.592152793701807 
12 81.312003746308378 110.84696420507831 
13 4.9273947509598894 14.723579382860837 
14 109.19868774209111 52.344881325189434 
15 10.420432458827474 86.208335513346057 
16 53.494972807120057 140.00796926673874 
17 63.939466077806181 30.606369688457981 
18 51.255353913295714 148.73322076105197 
19 9.2413310004590699 69.050124715571357 
20 125.44609460767643 122.51207121764872 
21 133.38095502200582 104.71105485163213 
22 104.69889138112724 24.26744260558274 
23 12.907872029071614 42.605192606619184 
24 115.47213944861299 40.247712838578835 
25 93.309677994488595 5.7580533697074525 
26 25.602984673158723 109.3634017786772 
27 120.69369422769812 48.91888492224686 
28 29.698888202988954 99.214027635387154 
29 90.162467951962 60.598868625517404 
30 135.18498907107161 4.1113175005239055 
31 98.91323130527195 134.67854770583963 
32 42.351292046881881 48.165431943799106 
33 116.41467943154959 131.51720605395604 
34 9.6821488391990531 127.87554041849241 
35 4.2078136020376409 70.723209446632865 
36 44.981169558587098 148.51677117334529 
37 121.37311041419073 67.866731303681959 
38 36.153020982701804 123.82365626926703 
39 4.1909175711641637 86.751618556096972 
40 34.453072321812193 52.78651269748179 
41 82.918906576428057 118.06283002629077 
42 81.984251868903755 9.3211606653971426 
43 60.747303329756157 79.927063211764704 
44 84.151400129381287 132.58197451130579 
45 55.245611516407514 12.992756261021251 
46 119.25447898416523 10.028286864994227 
47 95.417339957979195 29.232673756420926 
48 63.547824166504583 48.280766442548838 
49 104.8415999183625 22.76982791850801 
50 42.497826364123185 110.96770181831332 
51 84.164460391814103 52.085805219638068 
52 6.1283264570535749 98.782763699434113 
53 41.909496389287291 122.90581475147317 
54 28.028528009554616 75.470256584449785 
55 28.602414847632133 120.78634415324142 
56 106.08618352845599 90.486562759842059 
57 107.6603046654073 146.74051150062144 
58 117.77679094475545 74.525408504775456 
59 48.540739760985943 124.21316289073469 
60 100.62870457797717 16.637842062226422 
61 32.2115398394929 29.350082357111425 
62 86.834175971725116 71.995556783860337 
63 129.32286634078383 29.414589553798823 
64 121.00663069682506 58.442121538539467 
65 36.736698232934202 33.687200925167282 
66 80.785949286439433 119.44965718754085 
67 140.38835099916363 7.0152429430816525 
68 5.1881443733294228 47.142482547621469 
69 23.704177874002688 146.1175283631857 
70 147.29920006231367 57.655447305951007 
71 15.102871118626963 33.95489076336608 
72 79.849059893679382 123.14963306912669 
73 75.882992812377864 65.460197634743622 
74 89.541647135997962 126.46341471768143 
75 80.611160071851288 81.76732760470702 
76 73.475052310840724 95.204188299926088 
77 46.792756857719631 145.86450769373425 
78 94.780808591647443 131.04999981869477 
79 107.34695280312884 130.23576218645823 
80 72.455067803363818 52.324571135605019 
81 119.06707611357191 10.348240803158022 
82 72.883178676889827 47.584022487320013 
83 94.665944387515054 0.52732096543876494 
84 12.683466129323218 21.01523553534189 
85 103.06364249115047 140.63934876613288 
86 25.534712395414111 11.911229724954454 
87 92.037987309525718 82.452711198689755 
88 82.717116378581665 26.574974822148206 
89 95.601835844852886 99.055044442440874 
90 35.131944103693563 62.584550777722406 
91 58.544921180487108 114.49028044682474 
92 38.14346978354429 127.29665202894091 
93 24.830650410070387 28.741442052992731 
94 57.416584648851575 50.538193248462953 
95 95.41392691685536 121.8696915879239 
96 13.906518236690442 26.852004056261855 
97 101.63217359298477 81.941577294814209 
98 42.089593942318857 149.8053885529774 
99 29.165409891477513 133.04404606253098 
100 148.28217295803231 129.48090564901051