1 44.607399999999998 17.929359999999999 
2 139.4203 87.275570000000002 
3 139.52809999999999 100.4507 
4 26.32695 26.8111 
5 114.4378 56.453690000000002 
6 6.7742399999999998 124.9718 
7 101.8844 121.6885 
8 118.75539999999999 23.016210000000001 
9 134.66669999999999 144.2216 
10 83.559010000000001 76.539879999999997 
11 5.304964 60.768369999999997 
12 133.7501 39.16939 
13 119.1536 114.9247 
14 140.3056 117.0051 
15 4.7871819999999996 58.288760000000003 
16 8.3737949999999994 38.149760000000001 
17 82.052229999999994 101.548 
18 18.198720000000002 16.499870000000001 
19 113.3725 3.1749139999999998 
20 111.7054 34.198529999999998 
21 125.27930000000001 19.309629999999999 
22 88.073660000000004 54.258940000000003 
23 79.414850000000001 25.136289999999999 
24 64.355999999999995 131.88489999999999 
25 40.42933 145.4187 
26 103.26430000000001 63.480040000000002 
27 109.983 35.936639999999997 
28 87.849059999999994 28.57535 
29 116.1662 6.1640050000000004 
30 99.629589999999993 24.134650000000001 
31 30.261900000000001 111.8215 
32 35.097499999999997 85.151169999999993 
33 134.76679999999999 26.016030000000001 
34 2.085054 94.136719999999997 
35 106.58369999999999 53.43488 
36 29.1736 122.0673 
37 36.204940000000001 96.841419999999999 
38 114.2671 38.133189999999999 
39 104.0314 55.77713 
40 96.975229999999996 112.6734 
41 103.13760000000001 34.623559999999998 
42 67.576949999999997 115.5424 
43 21.47692 62.751489999999997 
44 13.6737 14.82414 
45 148.84559999999999 99.310670000000002 
46 64.617339999999999 24.09694 
47 148.16909999999999 128.131 
48 99.053150000000002 86.571299999999994 
49 5.2208680000000003 146.81180000000001 
50 117.1788 74.711280000000002 
51 22.014500000000002 99.040649999999999 
52 25.636209999999998 68.485479999999995 
53 85.508880000000005 147.6207 
54 62.043689999999998 116.8685 
55 109.601 65.616969999999995 
56 23.649819999999998 132.78139999999999 
57 107.15349999999999 29.89603 
58 113.50490000000001 127.26390000000001 
59 75.64846 23.49409 
60 65.254180000000005 76.793549999999996 
61 68.789259999999999 91.545630000000003 
62 57.903239999999997 130.52080000000001 
63 63.362299999999998 80.413749999999993 
64 13.685499999999999 63.415129999999998 
65 67.604650000000007 132.11920000000001 
66 78.254800000000003 29.639430000000001 
67 149.9385 16.449660000000002 
68 19.697859999999999 11.15095 
69 63.578180000000003 108.62730000000001 
70 49.853540000000002 137.98269999999999 
71 75.490300000000005 66.645259999999993 
72 56.162050000000001 115.64660000000001 
73 123.90470000000001 16.392420000000001 
74 107.08369999999999 56.47607 
75 142.46809999999999 12.338760000000001 
76 77.528970000000001 129.16130000000001 
77 14.113239999999999 52.21313 
78 45.605649999999997 144.54429999999999 
79 106.50620000000001 100.43940000000001 
80 135.6319 16.526579999999999 
81 111.83880000000001 24.934259999999998 
82 120.0976 81.125500000000002 
83 126.87909999999999 57.656739999999999 
84 36.319710000000001 76.321619999999996 
85 88.097200000000001 0.72479700000000002 
86 31.225249999999999 102.8663 
87 125.1439 144.76759999999999 
88 109.2025 117.4735 
89 78.432050000000004 7.0180400000000001 
90 52.297870000000003 119.1275 
91 126.6003 21.789149999999999 
92 59.769750000000002 149.6336 
93 143.11340000000001 58.288350000000001 
94 2.669521 16.832850000000001 
95 9.1131930000000008 14.399430000000001 
96 60.797739999999997 28.096910000000001 
97 24.90401 62.626019999999997 
98 6.5200129999999996 83.281300000000002 
99 59.790149999999997 42.686920000000001 
100 138.9811 6.3761099999999997 