1 26.247 11.252000000000001 
2 61.933 144.38999999999999 
3 115.33 51.390000000000001 
4 76.751999999999995 129.24000000000001 
5 19.221 19.84 
6 12.521000000000001 59.618000000000002 
7 38.975000000000001 67.191000000000003 
8 46.270000000000003 66.221999999999994 
9 66.977999999999994 78.441000000000003 
10 120.551 70.995199999999997 
11 68.174000000000007 47.597000000000001 
12 81.317999999999998 11.84 
13 48.929400000000001 14.727 
14 109.19 52.344000000000001 
15 10.423999999999999 86.206999999999994 
16 53.497 140 
17 63.930999999999997 30.600999999999999 
18 51.253999999999998 148.72999999999999 
19 9.2499000000000002 69.057000000000002 
20 125.44 122.51000000000001 
21 10.388999999999999 22.713999999999999 
22 104.69 24.260000000000002 
23 12.904 42.603999999999999 
24 115.47 40.244999999999997 
25 93.305000000000007 5.7525000000000004 
26 25.603000000000002 109.36 
27 120.69 48.909999999999997 
28 29.693999999999999 99.213999999999999 
29 90.159999999999997 4.5940000000000003 
30 135.18000000000001 4.1154999999999999 
31 98.909999999999997 134.66999999999999 
32 59.350999999999999 68.165999999999997 
33 116.41 131.50999999999999 
34 9.6830999999999996 127.87 
35 4.2008999999999999 70.724999999999994 
36 44.988 148.50999999999999 
37 121.37 67.869 
38 36.154000000000003 123.81999999999999 
39 4.1936999999999998 86.751999999999995 
40 34.453000000000003 52.780000000000001 
41 82.917000000000002 98.060000000000002 
42 81.984999999999999 9.3225999999999996 
43 60.747 79.924000000000007 
44 84.156999999999996 132.58000000000001 
45 55.244 12.991 
46 119.25 10.026999999999999 
47 95.415000000000006 29.236000000000001 
48 63.542999999999999 48.287999999999997 
49 104.84 22.760000000000002 
50 42.494999999999997 110.95999999999999 
51 84.162999999999997 52.088000000000001 
52 6.1249000000000002 98.783000000000001 
53 41.901000000000003 122.90000000000001 
54 28.026 75.474999999999994 
55 28.603000000000002 120.78 
56 106.08 90.489000000000004 
57 107.66 146.74000000000001 
58 117.77 74.525999999999996 
59 48.542999999999999 124.20999999999999 
60 100.62 16.632000000000001 
61 32.212000000000003 9.3550000000000004 
62 86.835999999999999 71.997 
63 129.31999999999999 29.413 
64 121 58.447000000000003 
65 36.731999999999999 33.682000000000002 
66 80.783000000000001 119.44 
67 140.38 7.0125000000000002 
68 5.1828000000000003 47.149000000000001 
69 23.707999999999998 146.11000000000001 
70 147.28999999999999 57.656999999999996 
71 15.103 33.950000000000003 
72 79.841999999999999 123.14 
73 75.884 65.462000000000003 
74 89.542000000000002 126.45999999999999 
75 120.61 11.769 
76 73.474000000000004 95.207999999999998 
77 46.790999999999997 145.86000000000001 
78 94.783000000000001 131.03999999999999 
79 84.340000000000003 81.230000000000004 
80 135.6319 16.526579999999999 
81 110.83880000000001 29.934259999999998 
82 120.0976 81.125500000000002 
83 126.87909999999999 57.656739999999999 
84 36.319710000000001 76.321619999999996 
85 88.097200000000001 0.72479700000000002 
86 31.225249999999999 12.866300000000001 
87 125.1439 144.76759999999999 
88 109.2025 117.4735 
89 78.432050000000004 7.0180400000000001 
90 52.297870000000003 119.1275 
91 58.548000000000002 114.48999999999999 
92 38.140000000000001 127.29000000000001 
93 24.837 28.741 
94 57.414999999999999 50.533000000000001 
95 95.409999999999997 121.86 
96 13.901999999999999 26.855 
97 101.63 81.948999999999998 
98 42.087000000000003 149.80000000000001 
99 29.163 133.03999999999999 
100 21.289000000000001 89.489000000000004